OS: Windows-10-10.0.19041-SP0 10.0.19041
Python: 3.7.8
Stable-Baselines3: 1.4.0
PyTorch: 1.10.2+cpu
GPU Enabled: False
Numpy: 1.21.5
Gym: 0.19.0
